0.001414 
0.000091 
0.000055 
0.058818 
0.000002 
0.481668 
0.001220 
0.000982 
0.001362 
0.002809 
0.000454 
0.000459 
0.000455 
0.000455 
0.000457 
0.000459 
0.000455 
0.000469 
0.000463 
0.000464 
0.000456 
0.000470 
0.000453 
0.000448 
0.000446 
0.000445 
0.000450 
0.000463 
0.000463 
0.000461 
0.000449 
0.000451 
0.000456 
0.000462 
0.000452 
0.000449 
0.000463 
0.000460 
0.000463 
0.000458 
0.000461 
0.000453 
0.000456 
0.000447 
0.000458 
0.000475 
0.000457 
0.000454 
0.000455 
0.000460 
0.000463 
0.000451 
0.000457 
0.000462 
0.000451 
0.000444 
0.000452 
0.000456 
0.000457 
0.000464 
0.000452 
0.000459 
0.000456 
0.000455 
0, 0, 1, 1, 1, 1, 1, 0, 0, 0, 0, 0, 0, 1, 0, 0, 0, 0, 0, 0, 1, 0, 0, 0, 0, 0, 0, 1, 1, 1, 0, 0, 0, 0, 0, 0, 0, 0, 1, 0, 0, 0, 0, 0, 0, 0, 1, 0, 0, 0, 1, 0, 0, 1, 1, 0, 0, 0, 1, 1, 1, 1, 0, 0,  - 5 - 

0.005203 
0.000053 
0.000303 
0.060419 
0.000003 
0.162894 
0.004108 
0.000131 
0.003822 
0.000770 
0.000404 
0.000408 
0.000404 
0.000406 
0.000406 
0.000404 
0.000399 
0.000413 
0.000406 
0.000409 
0.000402 
0.000417 
0.000403 
0.000395 
0.000395 
0.000395 
0.000398 
0.000409 
0.000406 
0.000411 
0.000399 
0.000402 
0.000402 
0.000410 
0.000403 
0.000400 
0.000406 
0.000403 
0.000408 
0.000402 
0.000406 
0.000399 
0.000408 
0.000397 
0.000404 
0.000416 
0.000407 
0.000404 
0.000406 
0.000406 
0.000409 
0.000399 
0.000405 
0.000408 
0.000398 
0.000391 
0.000398 
0.000403 
0.000407 
0.000410 
0.000400 
0.000407 
0.000403 
0.000403 
0, 0, 1, 1, 1, 1, 1, 0, 0, 0, 0, 0, 0, 1, 0, 0, 0, 0, 0, 0, 1, 0, 0, 0, 0, 0, 0, 1, 1, 1, 0, 0, 0, 0, 0, 0, 0, 0, 1, 0, 0, 1, 0, 0, 0, 0, 1, 0, 0, 1, 1, 0, 0, 1, 1, 0, 0, 0, 1, 1, 1, 1, 0, 0,  - 5 - 

0.045002 
0.000151 
0.014867 
0.001682 
0.000137 
0.000908 
0.000000 
0.603632 
0.000012 
0.044762 
0.000689 
0.000663 
0.000685 
0.000688 
0.000674 
0.000676 
0.000708 
0.000708 
0.000680 
0.000682 
0.000686 
0.000689 
0.000690 
0.000683 
0.000673 
0.000691 
0.000680 
0.000700 
0.000672 
0.000673 
0.000674 
0.000691 
0.000694 
0.000675 
0.000667 
0.000666 
0.000713 
0.000680 
0.000680 
0.000688 
0.000689 
0.000664 
0.000682 
0.000691 
0.000674 
0.000690 
0.000679 
0.000675 
0.000675 
0.000698 
0.000682 
0.000679 
0.000673 
0.000680 
0.000692 
0.000669 
0.000689 
0.000678 
0.000689 
0.000694 
0.000677 
0.000664 
0.000688 
0.000711 
0, 0, 1, 1, 1, 1, 1, 0, 0, 0, 0, 0, 0, 1, 0, 0, 0, 0, 0, 0, 1, 1, 0, 0, 0, 0, 0, 0, 0, 0, 1, 0, 0, 0, 0, 0, 0, 1, 1, 0, 0, 0, 1, 0, 0, 1, 0, 0, 0, 0, 0, 1, 1, 1, 0, 0, 0, 0, 0, 0, 0, 0, 0, 0,  - 7 - 

0.476404 
0.000002 
0.000441 
0.001665 
0.000078 
0.485553 
0.004674 
0.000030 
0.001120 
0.000220 
0.000396 
0.000399 
0.000396 
0.000398 
0.000399 
0.000392 
0.000392 
0.000406 
0.000396 
0.000399 
0.000387 
0.000415 
0.000393 
0.000382 
0.000380 
0.000387 
0.000390 
0.000397 
0.000395 
0.000395 
0.000395 
0.000399 
0.000395 
0.000398 
0.000394 
0.000391 
0.000402 
0.000389 
0.000389 
0.000395 
0.000393 
0.000388 
0.000395 
0.000394 
0.000398 
0.000403 
0.000393 
0.000392 
0.000401 
0.000395 
0.000395 
0.000388 
0.000393 
0.000399 
0.000392 
0.000381 
0.000393 
0.000396 
0.000398 
0.000404 
0.000388 
0.000398 
0.000394 
0.000392 
0, 0, 1, 1, 1, 1, 1, 0, 0, 0, 1, 0, 0, 0, 0, 0, 0, 0, 1, 1, 1, 1, 0, 0, 0, 0, 0, 0, 0, 1, 0, 0, 0, 0, 0, 0, 0, 0, 1, 0, 0, 1, 0, 0, 0, 1, 1, 0, 0, 1, 1, 0, 1, 1, 0, 0, 0, 0, 1, 1, 0, 0, 0, 0,  - 0 - 

0.004457 
0.000005 
0.000049 
0.000833 
0.000006 
0.942519 
0.004259 
0.000119 
0.003536 
0.016625 
0.000392 
0.000402 
0.000388 
0.000391 
0.000394 
0.000392 
0.000394 
0.000405 
0.000400 
0.000397 
0.000388 
0.000412 
0.000389 
0.000383 
0.000386 
0.000381 
0.000391 
0.000397 
0.000400 
0.000395 
0.000389 
0.000391 
0.000398 
0.000394 
0.000387 
0.000388 
0.000400 
0.000396 
0.000402 
0.000398 
0.000393 
0.000393 
0.000393 
0.000385 
0.000402 
0.000409 
0.000392 
0.000393 
0.000393 
0.000393 
0.000401 
0.000389 
0.000395 
0.000396 
0.000390 
0.000388 
0.000395 
0.000400 
0.000395 
0.000398 
0.000389 
0.000401 
0.000396 
0.000391 
0, 0, 1, 1, 1, 1, 1, 0, 0, 0, 1, 0, 0, 0, 0, 0, 0, 0, 1, 1, 1, 1, 0, 0, 0, 0, 1, 1, 0, 1, 1, 0, 0, 0, 0, 0, 0, 0, 1, 0, 0, 0, 0, 0, 0, 0, 1, 0, 0, 0, 1, 0, 0, 0, 1, 0, 0, 0, 1, 1, 1, 1, 0, 0,  - 5 - 

0.000725 
0.019400 
0.000061 
0.000017 
0.730171 
0.000000 
0.168602 
0.000000 
0.229109 
0.002048 
0.000826 
0.000863 
0.000817 
0.000821 
0.000852 
0.000814 
0.000813 
0.000807 
0.000824 
0.000839 
0.000804 
0.000824 
0.000821 
0.000839 
0.000832 
0.000825 
0.000835 
0.000809 
0.000829 
0.000820 
0.000840 
0.000832 
0.000828 
0.000817 
0.000833 
0.000860 
0.000812 
0.000818 
0.000823 
0.000832 
0.000822 
0.000853 
0.000820 
0.000835 
0.000843 
0.000816 
0.000820 
0.000840 
0.000850 
0.000812 
0.000831 
0.000836 
0.000837 
0.000815 
0.000825 
0.000842 
0.000856 
0.000833 
0.000825 
0.000814 
0.000839 
0.000840 
0.000845 
0.000790 
0, 0, 0, 0, 0, 0, 0, 0, 0, 0, 0, 0, 1, 1, 0, 0, 0, 0, 0, 1, 1, 0, 0, 0, 0, 0, 1, 1, 0, 0, 0, 0, 0, 1, 1, 0, 0, 1, 0, 0, 1, 1, 1, 1, 1, 1, 1, 0, 0, 0, 0, 0, 0, 1, 0, 0, 0, 0, 0, 0, 0, 0, 0, 0,  - 4 - 

